1 0 0.823653 -164.26011570644494 162.26011570644494 0.162702751852
1 1 0.777275 -160.71794961255446 158.71794961255446 0.29486882983
1 2 0.782314 -160.42679783268946 158.42679783268946 0.171918158528
2 0 0.7680561967194199 -11.815729489012305 9.815729489012305 0.69841072573
2 1 0.0 -41.90285678859886 39.90285678859886 0.0224591370788
2 2 0.0 -41.181807758135044 39.181807758135044 0.024186763008
5 0 0.4285279550820345 -5.938066169396247 3.9380661693962473 0.906461006423
5 1 0.3629932006566509 -7.082553095362801 5.082553095362801 0.81885289856
5 2 0.3229880894709425 -3.2842086152630117 1.2842086152630117 0.797843132153
6 0 0.0016768709816689313 -79.78983667351386 77.78983667351386 0.0309571354841
6 1 0.4364678792462477 -21.017152382305945 19.017152382305945 0.423321146116
6 2 0.7726448724879161 -27.54933532153722 25.54933532153722 0.496598149382
